image: postoffice.pgm
resolution: 0.100000
origin: [-25.083638, -17.594428, 0.000000]
negate: 0
occupied_thresh: 0.65
free_thresh: 0.196

